concept,AI,literacy,learning,understanding,participants,education,students,concepts,knowledge,use,courses,research,intelligence,study,ethical,conceptual,future,studies,learners,course,important,understand,review,data,applications,using,skills,work,teaching,ability,development,literature,related,competencies,society,used,design,technology,literacy and literature,citizens,Computers,backgrounds,social,ethics,computer,higher,world,life,results,project,basic,technologies,based,different,researchers,digital,science,issues,articles,writing,need,Course,learn,concept,people,content,level,algorithms,Artificial Intelligence,human,approach,children,ethical and ethics,group,systems,example,information,model,Artificial,users,school,text,course and courses,understand and understanding,technologies and technology,learn and learners and learning
AI,2.310212,1.8860304,1.4003682,1.8376685,1.614791,1.3959578,1.5091836,1.9944276,1.5105232,1.505138,1.8315194,1.6134814,0.92649126,1.5924762,2.1969662,1.819292,1.7807884,1.6597639,1.8250674,1.310601,1.7601615,1.732659,1.6353185,1.1651504,2.2767305,1.8770472,1.7865639,1.6501514,1.5093385,1.3112013,1.5943717,1.7930003,1.9365011,1.9186506,1.5861157,1.45575,1.6604649,1.3424205,2.0922675,2.310212,0.9240848,1.5401413,1.2013102,2.036119,1.0107177,1.9049116,1.7421271,1.8943738,1.6349192,1.8019654,1.6712172,1.9508456,1.5709441,1.722158,1.9330345,1.3476236,1.0982975,1.8387401,1.6088976,1.7203707,1.9169844,1.4159364,1.6941555,1.2204894,1.6845295,1.0695425,1.732659,1.5751445,0.9397472,1.2834511,1.2651161,1.559393,2.310212,1.2288362,1.2729739,1.2356948,0.9578928,1.2834511,0.8250757,1.732659,1.2192786,0.8663295,1.6684864,1.732659,2.310212,2.310212
literacy,1.8860304,3.6388466,1.2586422,1.6953717,1.0025394,1.84265,1.6822809,1.8586915,1.2596008,1.5437531,1.9341618,2.3970182,0.94761634,2.5083313,1.4983487,1.7739378,2.1984699,2.2963595,1.637481,1.3995564,1.862743,1.9558802,2.453155,1.0125487,1.3184227,1.8194233,2.037754,1.0396705,1.5525746,2.8028955,1.6400436,2.8784907,1.7659109,2.9604177,2.3896904,1.2461804,1.8762803,1.622729,3.6388466,3.40658,0.93570346,2.7826476,2.231826,1.171832,1.1939965,2.5535767,1.84925,2.328862,1.3995564,0.8733232,3.2517354,1.859855,1.9649773,1.6540213,2.7477007,2.1833081,1.073758,1.0396705,2.2092998,1.7807122,1.6258677,0.7042929,1.0512224,1.991067,1.7436141,1.280335,1.3645675,1.1578149,1.0484812,0.4043163,1.646145,1.1826252,1.1196451,1.3161786,0.51983523,0.9308678,1.4200377,1.314028,1.1263098,1.0234257,2.0215814,1.6678047,1.8194233,1.8194233,1.8194233,0.0
learning,1.4003682,1.2586422,8.212329,1.8664384,2.0111825,1.2580589,2.311007,2.36326,2.590042,1.0576484,2.1455634,0.71694934,1.1976312,1.5946269,0.40256512,2.5663528,1.3687215,1.4351642,3.1206849,1.5003293,1.7597847,1.9504281,1.1995536,2.1423466,1.4282311,2.0530822,2.1899543,1.0665362,2.9564383,0.99879676,1.2723327,0.73543245,1.6907736,1.1135361,0.8580045,1.9124601,1.7964469,0.44390967,0.6197984,1.747304,0.70391387,1.6102605,1.7519635,0.8351521,2.3097174,0.7203797,0.80777,1.149726,2.1478398,2.1352055,0.873652,1.8249619,1.8067123,1.3438356,1.6759855,0.2737443,2.0194252,0.50279564,0.73324364,2.4462256,1.9220344,1.589483,1.6424657,2.634143,1.0265411,1.0645611,1.6424657,2.0530822,0.55676806,1.3687215,1.3687215,2.2583904,0.3158588,0.6989216,2.5139782,2.4827971,1.0015035,2.965563,0.9776582,0.7699058,1.3687215,2.3952625,1.8249619,2.0530822,0.0,8.212329
understanding,1.8376685,1.6953717,1.8664384,13.625,3.40625,0.81170213,1.3008794,3.8228416,2.6201923,1.4450758,3.3141892,1.0813493,0.78059894,2.9101942,2.4044118,9.3671875,1.703125,0.66140777,2.18,2.0961537,2.4330356,2.04375,0.45926967,1.4217391,2.567029,2.7675781,0.90833336,3.008117,1.635,2.025338,2.3028169,0.4067164,2.0036764,2.309322,3.2537313,1.6797945,1.703125,1.8412162,0.5141509,3.768617,0.5190476,4.007353,1.635,1.6165254,1.2773438,0.95614034,3.3504097,1.9075,2.725,4.36,3.18883,1.5138888,2.18,1.2386364,0.5561224,0.45416668,2.456967,2.2244897,0.48660713,4.058511,2.319149,1.7580645,0.90833336,2.3136792,1.703125,1.5138888,3.065625,3.096591,0.2309322,1.5138888,1.2976191,1.3625,1.5721154,2.319149,2.2244897,0.63372093,0.66463417,0.3784722,0.32440478,2.1289062,0.7569444,3.40625,3.0277777,13.625,4.5416665,0.0
participants,1.614791,1.0025394,2.0111825,3.40625,12.234694,0.2082501,1.1066557,3.6087947,2.5410519,0.92687076,4.6293435,0.19420148,0.0,2.4944522,3.8383353,4.740944,0.63722366,0.11878344,1.2234694,5.646782,0.58260447,1.8352041,0.0,1.3830523,3.1916592,2.4851723,0.81564623,3.813411,0.9787755,0.3306674,2.5847945,0.0,2.8787515,0.6221031,1.2782516,2.3463798,0.76466835,0.1653337,0.0,1.0412506,0.2330418,3.1186476,0.48938775,3.1105154,1.1470026,1.0732187,2.0056875,0.7340816,5.2703295,6.6067348,0.5206253,0.81564623,2.4469388,2.0020409,0.7490629,1.0195578,0.4011375,3.2459393,0.0,6.2475033,0.7809379,6.906682,1.3594104,2.0775895,0.0,1.3594104,6.117347,1.6683674,0.0,0.6797052,0.29130223,0.0,4.2350864,3.1237516,0.24968763,1.4226388,0.29840717,2.0391157,0.0,0.38233417,0.3398526,3.5684524,6.7970524,4.0782313,2.0391157,0.0
education,1.3959578,1.84265,1.2580589,0.81170213,0.2082501,10.204255,1.5896076,0.6607072,0.70644844,0.38652483,1.1950929,2.7535293,2.3384752,0.891634,0.5002086,0.1275532,2.2321808,1.9814088,1.6326809,0.4905892,2.5510638,0.38265958,2.8663638,0.53239596,0.7394388,0.7972075,1.6326809,0.39756837,1.7687376,0.8273721,1.580941,3.5029533,1.6506884,1.2106744,1.2184186,1.5376275,1.4349734,1.9305348,3.8506625,0.0,0.9718338,0.6002503,0.68028367,1.9024882,3.0293882,8.772079,0.50184864,1.6326809,0.47096562,0.40817022,2.38823,1.1338061,2.4490213,1.1131915,1.4577508,1.1904964,4.014789,0.4165002,1.4577508,0.86844724,1.0855591,0.16458476,0.45352244,0.7701325,0.4251773,1.1338061,1.0204256,1.3914894,1.2106744,0.18896769,1.7007092,2.8061702,0.78494275,1.7368945,0.4165002,0.94923306,1.7421899,1.1338061,2.4295845,0.63776594,4.251773,0.8503546,0.0,0.0,1.7007092,0.0
students,1.5091836,1.6822809,2.311007,1.3008794,1.1066557,1.5896076,12.050251,1.1270019,2.317356,1.3693467,2.496899,0.6694584,2.698754,3.5097818,1.299537,1.5062814,0.62761724,2.105869,1.3255277,2.7808273,1.7214645,2.259422,0.67698044,1.1526327,1.3971306,1.8828517,3.0527303,1.2519741,2.4100502,0.9770474,1.8669404,0.8992725,0.5316287,0.4084831,0.5395635,1.4856474,1.3179963,0.9770474,0.6820897,1.7947183,1.2624073,4.725589,0.64268005,1.6339324,1.129711,1.2684475,0.7901804,1.4460301,1.8538848,1.9280401,1.0255533,1.3389168,2.1690452,1.7527639,4.1806993,1.8075377,1.5803608,0.7377705,1.0759153,0.769165,2.8202715,1.1661533,2.4100502,0.22736323,0.2510469,1.5620697,2.108794,1.9170854,1.0212077,0.8926112,2.0083752,1.8075377,1.8538848,1.7947183,1.7214645,1.401192,0.58781713,2.3431044,1.4345537,0.7531407,5.355667,0.0,3.347292,1.0041876,0.0,0.0
concepts,1.9944276,1.8586915,2.36326,3.8228416,3.6087947,0.6607072,1.1270019,17.251799,3.1849475,2.352518,2.797589,0.68459517,0.35941246,1.5074387,2.1987586,4.5285974,0.35941246,2.0099182,3.4503598,1.6588268,1.0268928,3.8816547,0.7753617,0.90009385,5.000521,4.3129497,2.3002398,1.7923946,1.3801439,1.6319269,1.4578985,1.2874477,2.2833264,2.9240336,1.0299581,2.599586,1.3477968,1.3987945,1.6275282,4.037655,0.49290854,2.7061646,0.46004796,2.339227,1.6173561,0.0,3.6766129,1.7251799,2.9195352,2.7602878,4.037655,2.683613,0.69007194,2.5093524,1.7603877,2.0127099,1.1312655,1.40831,1.848407,2.9364765,1.1011786,3.060803,1.1501199,0.9765169,0.35941246,1.5973887,1.7251799,3.528777,0.58480674,1.277911,1.2322713,3.4503598,1.9905921,1.1011786,0.704155,2.4072278,0.42077556,0.9584333,0.0,0.5391187,0.9584333,2.1564748,1.9168665,5.7505994,2.8752997,0.0
knowledge,1.5105232,1.2596008,2.590042,2.6201923,2.5410519,0.70644844,2.317356,3.1849475,18.446154,2.0961537,2.326542,0.7319902,0.28822115,1.0745332,0.3616893,5.0726924,1.9214743,2.507244,2.2135384,1.418935,1.7567766,2.5363462,0.20726016,1.6040133,4.277369,2.8822114,3.9351795,1.676923,2.2135384,2.4927235,1.03922,1.1012629,1.3563348,2.5011735,1.3765787,1.7688093,1.4411057,0.74781704,0.6960813,2.7472994,1.4054213,1.8084464,0.49189743,1.2505867,1.4411057,1.6180837,1.8143758,2.5824616,0.8513609,2.5824616,3.139771,2.4594872,1.1067692,1.3415384,0.37645212,1.8446153,1.8143758,1.1293564,1.9763737,0.78494275,2.3548281,1.7851117,1.6396581,0.34804064,3.458654,2.7327635,3.6892307,4.6115384,1.5632334,0.6831909,0.43919414,3.228077,1.418935,1.1774141,1.1293564,1.2869409,1.3497186,0.5123932,0.0,1.729327,1.0247864,0.76858974,1.0247864,1.5371795,3.074359,0.0
use,1.505138,1.5437531,1.0576484,1.4450758,0.92687076,0.38652483,1.3693467,2.352518,2.0961537,18.166666,1.1456456,1.0092592,0.6623264,0.881877,2.8496733,1.5895833,1.8923612,0.881877,2.18,0.52403843,2.5952382,4.76875,0.8164794,0.47391304,3.1594203,2.8385417,2.9066668,1.1796536,1.6955556,4.6644144,2.3028169,0.27114427,1.6029412,2.4632769,2.7114427,0.74657536,2.8385417,3.927928,0.3427673,1.9326241,0.6920635,1.4248366,3.6333334,0.9237288,1.4192709,0.0,2.3825138,3.27,0.2794872,1.09,3.8652482,7.6703706,1.09,2.3121212,2.5952382,3.3305554,0.59562844,2.2244897,2.2708333,0.38652483,3.0921986,0.0,2.8259258,0.6855346,1.5138888,0.6728395,1.8166667,1.6515151,0.6158192,2.0185184,0.86507934,1.3625,2.0961537,1.5460993,2.9659865,0.0,3.101626,0.5046296,0.43253967,2.2708333,0.0,2.2708333,0.0,1.5138888,12.111111,0.0
courses,1.8315194,1.9341618,2.1455634,3.3141892,4.6293435,1.1950929,2.496899,2.797589,2.326542,1.1456456,21.603603,1.7145717,0.4500751,3.1461558,1.2708002,6.7511263,1.1251876,1.8876935,1.2962162,3.7390852,1.5431145,0.8101351,1.4564227,0.18785742,2.8178613,1.6877816,0.0,2.2445302,3.4565766,0.2919406,2.7384849,0.6448837,1.2708002,1.0984883,2.5795348,2.3675182,0.3375563,0.2919406,0.40761515,6.435116,0.6172458,5.930401,0.0,1.4646511,0.6751126,1.8950529,1.7707872,0.86414415,4.3207207,2.5924325,0.0,0.0,1.2962162,1.5711712,0.44088987,1.4402403,1.0624723,1.7635595,0.7715573,3.217558,0.9193023,3.8328974,0.96016014,0.40761515,0.4500751,3.6006007,3.7806306,1.472973,0.36616278,0.40006673,1.5431145,1.0801802,0.0,2.2982557,0.44088987,1.0048188,0.0,0.6001001,0.5143715,0.6751126,0.6001001,0.9001502,21.603603,1.8003004,0.0,0.0
research,1.6134814,2.3970182,0.71694934,1.0813493,0.19420148,2.7535293,0.6694584,0.68459517,0.7319902,1.0092592,1.7145717,19.031746,1.4868551,2.5868392,0.37317148,1.6652777,4.7579365,3.3259363,0.76126987,0.3659951,2.4922523,0.23789683,4.9183164,0.49648035,0.5516448,1.4868551,0.76126987,1.2358277,1.7762963,1.028743,2.144422,4.2608385,1.6792717,3.2257197,0.8521677,2.6070886,3.5684524,0.7715573,5.386343,2.4295845,1.0875283,2.239029,2.2838094,0.6451439,1.4868551,5.008354,1.8719751,0.38063493,0.8783883,0.0,1.6197231,1.6917107,1.5225397,1.384127,2.7188208,0.31719577,0.62399167,1.1652089,5.0977893,0.80986154,2.024654,0.0,0.84585536,1.0772686,0.79298943,2.4670782,0.9515873,0.43253967,1.6128598,1.0573193,3.1719577,1.4273809,0.0,0.80986154,1.1652089,1.3277962,0.46418893,0.52865964,1.3594104,1.7842262,1.5859789,1.5859789,2.1146386,0.0,3.1719577,0.0
intelligence,0.92649126,0.94761634,1.1976312,0.78059894,0.0,2.3384752,2.698754,0.35941246,0.28822115,0.6623264,0.4500751,1.4868551,12.489583,2.3039038,0.73468137,0.3122396,0.78059894,0.72754854,0.87427086,1.5611979,0.59474206,0.0,1.403324,0.21721014,0.9050423,0.78059894,0.83263886,0.48660713,1.1656945,0.5063345,1.407277,0.5592351,0.36734068,1.0584393,0.7456468,1.0265411,0.78059894,1.012669,0.7069575,1.3286791,1.3084326,2.448938,0.33305556,0.8467514,2.3417969,1.5338085,1.4332309,2.4979167,0.5764423,0.49958333,0.5314716,1.6652777,1.7485417,0.45416668,1.0195578,0.83263886,2.456967,0.0,0.66908485,0.2657358,2.1258864,0.0,1.3877314,0.23565252,1.3009982,0.23128858,0.3122396,0.8515625,1.9051907,3.4693286,3.8658235,1.2489583,0.48036858,1.8601507,0.5097789,0.29045543,0.304624,0.0,8.62376,1.1708984,1.7346643,0.52039933,0.0,0.0,2.0815973,0.0
study,1.5924762,2.5083313,1.5946269,2.9101942,2.4944522,0.891634,3.5097818,1.5074387,1.0745332,0.881877,3.1461558,2.5868392,2.3039038,23.281553,2.7390063,5.529369,1.9401294,0.90413797,1.1640776,3.5817773,0.5543227,1.1640776,1.0463619,0.60734487,1.687069,2.5464199,0.62084144,2.4188626,2.172945,0.62923115,4.5907288,1.3899435,1.0271274,0.3946026,3.1273727,0.95677614,1.8188714,0.31461558,1.7570983,10.402396,1.5521035,15.977536,0.93126214,1.1838078,1.0913228,0.4084483,1.5266593,4.6563106,2.865422,3.2594175,0.9907044,0.0,1.8625243,1.269903,1.900535,0.38802588,0.0,0.9502675,0.8314841,1.4860566,0.9907044,1.1265268,2.0694714,0.87854916,1.4550971,0.4311399,1.1640776,0.5291262,1.5784104,1.2934196,2.2172909,0.0,2.6863332,0.4953522,0.9502675,0.0,1.1356856,1.2934196,1.1086454,1.4550971,1.9401294,0.9700647,2.5868392,3.8802588,0.0,0.0
ethical,2.1969662,1.4983487,0.40256512,2.4044118,3.8383353,0.5002086,1.299537,2.1987586,0.3616893,2.8496733,1.2708002,0.37317148,0.73468137,2.7390063,23.509804,1.1754901,1.4693627,1.3695031,1.1754901,1.8084464,1.9591503,1.4693627,1.3207755,1.2265985,4.0886617,3.3060663,2.5077124,5.1904764,2.8211765,0.31770006,4.635736,1.0526778,2.7658594,0.0,2.4562483,0.9661563,1.102022,2.2239003,1.3307437,3.50146,0.2239029,1.3829297,0.94039214,10.360252,0.36734068,0.4124527,1.1562198,1.8807843,2.8935144,7.0529413,1.0004172,4.1795206,1.4105883,0.85490197,1.9191676,0.39183006,0.3854066,15.353341,0.41981792,3.50146,1.0004172,3.033523,1.5673202,0.0,0.97957516,1.3061002,1.1754901,0.53431374,0.39847127,0.8707335,1.1195145,0.0,23.509804,2.0008345,0.4797919,1.0934793,0.57340986,1.9591503,1.1195145,2.9387255,0.0,1.9591503,0.0,0.0,11.754902,0.0
conceptual,1.819292,1.7739378,2.5663528,9.3671875,4.740944,0.1275532,1.5062814,4.5285974,5.0726924,1.5895833,6.7511263,1.6652777,0.3122396,5.529369,1.1754901,29.975,0.93671876,1.1640776,1.7985,3.1704328,2.4979167,1.49875,1.6839888,0.26065218,4.344203,2.3417969,0.79933333,4.2821426,2.7976665,0.0,3.7996478,1.3421642,1.7632353,2.0322034,2.2369404,2.0530822,2.3417969,0.40506756,1.6966981,8.290957,0.85642856,7.6406865,0.0,1.0161017,1.4050782,1.0517544,1.9655738,3.597,2.7669232,6.5945,1.2755319,0.6661111,0.5995,0.545,0.0,1.49875,1.9655738,0.6117347,1.0705357,1.9132979,1.2755319,0.96693546,0.6661111,1.6966981,1.2489583,0.5550926,3.746875,3.40625,0.0,0.0,1.4273809,0.0,1.1528846,1.2755319,0.0,0.0,0.0,0.0,0.71369046,0.93671876,0.83263886,1.2489583,6.661111,9.991667,0.0,0.0
future,1.7807884,2.1984699,1.3687215,1.703125,0.63722366,2.2321808,0.62761724,0.35941246,1.9214743,1.8923612,1.1251876,4.7579365,0.78059894,1.9401294,1.4693627,0.93671876,24.979166,1.9401294,2.4979167,0.0,3.5684524,1.8734375,2.2453184,0.21721014,2.5341184,2.3417969,2.6644444,3.2440476,1.9983333,3.3755631,2.4627347,2.2369404,1.102022,4.6571326,5.2195272,1.3687215,5.464193,3.3755631,2.82783,3.18883,1.9031746,1.4693627,2.331389,0.8467514,1.1708984,2.191155,3.6854508,1.9983333,0.38429487,1.49875,2.1258864,4.4407406,1.9983333,0.90833336,1.5293367,0.41631943,1.2284836,0.5097789,3.1223958,0.0,2.1258864,0.4028898,0.5550926,1.8852202,5.7243924,1.3877314,1.8734375,0.5677083,0.8467514,0.0,1.1894841,1.8734375,0.96073717,0.0,0.0,0.58091086,0.609248,0.6938657,1.7842262,1.5611979,0.0,0.0,0.0,2.0815973,8.326389,0.0
studies,1.6597639,2.2963595,1.4351642,0.66140777,0.11878344,1.9814088,2.105869,2.0099182,2.507244,0.881877,1.8876935,3.3259363,0.72754854,0.90413797,1.3695031,1.1640776,1.9401294,23.281553,1.1640776,1.3431666,0.5543227,2.3281553,5.2318096,0.8097932,3.0367243,2.5464199,1.8625243,1.5117892,1.5521035,0.31461558,1.9674553,3.1273727,1.7118789,1.5784104,0.69497174,2.8703284,1.4550971,0.94384676,3.9534714,4.45817,0.88691634,0.45650104,1.2416829,0.3946026,2.5464199,3.2675865,0.3816648,0.93126214,0.0,0.93126214,2.476761,2.5868392,1.8625243,1.269903,4.7513375,0.38802588,0.7633296,1.900535,6.23613,0.4953522,1.4860566,0.75101787,1.0347357,2.196373,0.9700647,3.449119,0.0,1.5873786,1.5784104,0.8622798,1.6629682,2.3281553,0.89544433,0.9907044,0.9502675,2.7071574,1.1356856,1.2934196,0.0,0.72754854,1.2934196,0.9700647,1.2934196,0.0,0.0,0.0
learners,1.8250674,1.637481,3.1206849,2.18,1.2234694,1.6326809,1.3255277,3.4503598,2.2135384,2.18,1.2962162,0.76126987,0.87427086,1.1640776,1.1754901,1.7985,2.4979167,1.1640776,23.98,0.6917308,1.7128571,3.89675,1.8860674,2.0852175,2.78029,2.9975,2.5578666,0.9342857,0.63946664,1.9443244,0.33774647,2.8632836,1.7632353,2.4386442,1.7895522,1.970959,2.248125,0.9721622,2.714717,0.5102128,1.1419047,3.2913725,0.9592,0.81288135,0.749375,0.8414035,2.7518032,2.8776,0.73784614,0.4796,1.0204256,2.6644444,1.4388,2.18,3.4257143,1.199,0.7862295,0.9787755,1.7128571,1.5306383,3.5714893,0.0,2.1315556,0.45245284,0.49958333,0.8881481,1.199,1.635,0.81288135,1.7762963,0.0,1.7985,0.92230767,0.0,1.4681633,0.5576744,0.584878,3.3305554,0.0,0.749375,0.6661111,0.99916667,0.0,1.9983333,3.9966667,23.98
course,1.310601,1.3995564,1.5003293,2.0961537,5.646782,0.4905892,2.7808273,1.6588268,1.418935,0.52403843,3.7390852,0.3659951,1.5611979,3.5817773,1.8084464,3.1704328,0.0,1.3431666,0.6917308,23.057692,1.0979854,1.1528846,0.2590752,1.4035118,0.6683389,1.4411057,0.92230767,0.89835167,1.2297436,0.0,2.5980499,0.34414467,1.0172511,0.0,0.34414467,1.8951528,0.72055286,0.31159043,0.0,0.9811784,1.3175824,5.425339,0.0,3.1264668,3.6027644,0.80904186,0.37799495,1.3834616,4.6115384,1.8446153,0.4905892,0.0,1.8446153,2.0961537,0.0,0.38429487,1.1339849,1.8822606,0.4117445,3.4341245,0.4905892,4.462779,1.5371795,3.0453556,0.0,1.2809829,5.764423,2.0961537,1.5632334,1.2809829,0.5489927,0.0,3.5473373,0.9811784,0.0,1.0724508,1.1247655,2.5619657,1.0979854,0.72055286,0.0,3.8429487,23.057692,1.9214743,0.0,0.0
important,1.7601615,1.862743,1.7597847,2.4330356,0.58260447,2.5510638,1.7214645,1.0268928,1.7567766,2.5952382,1.5431145,2.4922523,0.59474206,0.5543227,1.9591503,2.4979167,3.5684524,0.5543227,1.7128571,1.0979854,28.547619,2.1410713,0.32075977,1.9859214,0.4137336,1.7842262,4.186984,1.4829932,1.9031746,5.0151224,2.4124749,1.2782516,0.83963585,1.9354318,3.8347547,1.9553164,3.1223958,1.9288932,1.615903,1.8221885,0.2718821,0.55975723,3.4257143,2.4192898,0.44605654,3.0050125,2.3399687,5.1385713,0.8783883,1.1419047,4.859169,3.1719577,0.57095236,2.0761905,1.7478135,2.3789682,0.93598753,2.9130223,0.5097789,0.6073961,2.4295845,0.0,5.0751324,1.615903,2.9737103,0.52865964,0.71369046,1.9464285,0.0,1.5859789,1.3594104,2.1410713,2.1959708,1.8221885,2.3304179,1.9916943,4.1777005,0.79298943,0.6797052,3.5684524,1.5859789,3.5684524,1.5859789,0.0,4.7579365,0.0
understand,1.732659,1.9558802,1.9504281,2.04375,1.8352041,0.38265958,2.259422,3.8816547,2.5363462,4.76875,0.8101351,0.23789683,0.0,1.1640776,1.4693627,1.49875,1.8734375,2.3281553,3.89675,1.1528846,2.1410713,29.975,1.0103933,1.8245652,4.344203,3.746875,1.5986667,0.0,2.398,6.481081,0.8443662,0.8947761,0.44080883,1.5241525,3.1317165,2.0530822,0.0,2.025338,1.1311321,2.5510638,0.0,0.5877451,2.7976665,0.0,2.3417969,0.0,4.422541,1.199,1.3834616,1.199,3.18883,4.662778,1.7985,3.27,2.4469388,0.99916667,1.4741803,3.6704082,1.0705357,1.2755319,3.18883,0.0,3.3305554,1.6966981,1.8734375,0.0,3.746875,2.725,0.0,0.5550926,1.4273809,2.248125,0.0,1.2755319,3.6704082,2.788372,2.1932926,3.3305554,0.0,2.8101563,0.0,3.746875,0.0,29.975,0.0,0.0
review,1.6353185,2.453155,1.1995536,0.45926967,0.0,2.8663638,0.67698044,0.7753617,0.20726016,0.8164794,1.4564227,4.9183164,1.403324,1.0463619,1.3207755,1.6839888,2.2453184,5.2318096,1.8860674,0.2590752,0.32075977,1.0103933,26.94382,1.1714704,1.1714704,0.8419944,0.35925093,1.7495987,2.5147564,0.36410567,0.0,10.857958,2.7736285,3.1967244,0.0,2.2145605,2.104986,0.72821134,11.692601,0.57327276,0.76982343,0.0,0.35925093,1.3700248,2.104986,5.6723833,0.44170198,1.0777528,2.0726016,0.0,0.0,1.1975031,2.694382,2.449438,2.1994956,0.8981273,0.88340396,1.6496216,6.735955,0.57327276,1.1465455,0.0,0.59875154,1.5251219,1.1226592,2.4947982,0.0,0.0,1.3700248,0.49895963,1.9245586,0.0,2.0726016,0.0,1.0997478,0.0,0.65716636,0.74843943,3.2075977,0.0,2.2453184,1.1226592,1.4968789,0.0,0.0,0.0
data,1.1651504,1.0125487,2.1423466,1.4217391,1.3830523,0.53239596,1.1526327,0.90009385,1.6040133,0.47391304,0.18785742,0.49648035,0.21721014,0.60734487,1.2265985,0.26065218,0.21721014,0.8097932,2.0852175,1.4035118,1.9859214,1.8245652,1.1714704,20.852175,1.5110271,3.5839674,1.112116,0.27080745,0.83408695,1.1271446,1.1747704,0.622453,1.8398978,3.5342667,0.622453,3.1421084,2.932337,0.5635723,0.7868745,0.0,0.9929607,0.40886617,1.112116,1.0602801,3.2581522,0.36582762,1.7091945,1.2511305,1.6040133,0.41704348,0.88732654,0.46338165,1.2511305,2.653913,0.85110915,1.390145,2.7347114,2.1277728,0.37236026,1.3309898,0.88732654,0.67265075,3.7070532,1.9671862,0.4344203,0.38615137,1.0426087,1.8956522,1.0602801,1.5446055,0.9929607,1.0426087,1.6040133,1.3309898,1.2766637,2.9096057,1.0171793,8.109179,0.0,4.561413,0.0,0.8688406,0.0,0.0,0.0,0.0
applications,2.2767305,1.3184227,1.4282311,2.567029,3.1916592,0.7394388,1.3971306,5.000521,4.277369,3.1594203,2.8178613,0.5516448,0.9050423,1.687069,4.0886617,4.344203,2.5341184,3.0367243,2.78029,0.6683389,0.4137336,4.344203,1.1714704,1.5110271,34.753624,4.8872285,1.8535266,2.7080746,0.9267633,0.46964356,2.936926,0.0,2.0443308,0.58904445,3.6309755,1.9043081,1.0860507,1.4089307,0.0,3.6971939,0.9929607,2.0443308,0.0,2.9452224,1.6290761,1.2194253,2.8486576,5.56058,0.0,3.4753623,2.2183163,3.089211,0.6950725,2.5275362,1.4185152,0.0,0.56973153,4.964803,2.4824016,0.7394388,1.4788775,1.6816269,2.3169081,0.65572876,2.8961353,0.0,1.7376812,1.5797101,0.58904445,0.6435856,0.8274672,3.4753623,1.3366778,2.957755,0.0,1.6164476,0.0,2.8961353,0.8274672,1.0860507,0.9653784,1.4480677,0.0,2.8961353,5.7922707,0.0
using,1.8770472,1.8194233,2.0530822,2.7675781,2.4851723,0.7972075,1.8828517,4.3129497,2.8822114,2.8385417,1.6877816,1.4868551,0.78059894,2.5464199,3.3060663,2.3417969,2.3417969,2.5464199,2.9975,1.4411057,1.7842262,3.746875,0.8419944,3.5839674,4.8872285,37.46875,3.4970834,1.9464285,1.9983333,2.5316722,2.6386445,0.5592351,2.204044,4.445445,1.6777052,2.5663528,3.5126953,2.025338,0.7069575,4.7832446,1.4273809,1.4693627,2.4979167,1.9051907,1.1708984,1.314693,6.75666,2.248125,1.1528846,1.49875,2.3916223,4.9958334,0.0,1.3625,0.76466835,1.2489583,0.0,2.2940052,2.0072544,3.18883,0.0,0.60433465,1.6652777,1.413915,2.3417969,1.3877314,1.8734375,1.703125,0.0,1.3877314,0.8921131,3.746875,4.3233175,2.3916223,2.2940052,1.7427325,0.0,3.1223958,0.0,1.1708984,0.0,4.6835938,2.0815973,3.1223958,6.2447915,0.0
skills,1.7865639,2.037754,2.1899543,0.90833336,0.81564623,1.6326809,3.0527303,2.3002398,3.9351795,2.9066668,0.0,0.76126987,0.83263886,0.62084144,2.5077124,0.79933333,2.6644444,1.8625243,2.5578666,0.92230767,4.186984,1.5986667,0.35925093,1.112116,1.8535266,3.4970834,31.973333,1.2457143,1.2789333,2.1603603,1.3509859,0.95442784,1.8807843,1.6257627,1.9088557,0.87598175,1.49875,1.7282883,1.2065408,2.040851,0.9135238,0.6269281,2.1315556,2.1676836,0.99916667,3.365614,0.524153,3.8368,0.0,1.2789333,5.4422693,3.5525925,1.2789333,1.1626667,4.567619,1.5986667,1.048306,1.305034,1.7128571,1.3605673,2.7211347,0.5156989,2.1315556,0.6032704,0.6661111,0.0,3.1973333,0.7266667,1.0838418,1.1841975,2.2838094,3.1973333,3.6892307,0.68028367,0.0,1.4871318,1.5596747,0.8881481,0.76126987,1.9983333,1.7762963,1.3322222,0.0,0.0,5.328889,0.0
work,1.6501514,1.0396705,1.0665362,3.008117,3.813411,0.39756837,1.2519741,1.7923946,1.676923,1.1796536,2.2445302,1.2358277,0.48660713,2.4188626,5.1904764,4.2821426,3.2440476,1.5117892,0.9342857,0.89835167,1.4829932,0.0,1.7495987,0.27080745,2.7080746,1.9464285,1.2457143,31.142857,2.9066668,0.4208494,3.9476862,0.0,1.3739495,1.5835351,0.46481878,0.853229,0.48660713,0.4208494,0.0,2.650456,0.5931973,1.2212886,0.41523808,4.22276,0.48660713,0.5463659,2.5526931,3.1142857,1.4373627,19.931429,0.662614,3.4603174,1.2457143,1.1324675,0.6355685,2.5952382,1.0210773,2.542274,0.5561224,3.3130698,2.650456,4.520737,1.384127,0.0,1.9464285,0.5767196,0.7785714,0.7077922,0.0,0.5767196,2.2244897,1.5571429,8.384615,1.987842,2.542274,1.4485049,0.0,0.86507934,0.0,0.0,0.0,1.2976191,0.0,0.0,0.0,0.0
teaching,1.5093385,1.5525746,2.9564383,1.635,0.9787755,1.7687376,2.4100502,1.3801439,2.2135384,1.6955556,3.4565766,1.7762963,1.1656945,2.172945,2.8211765,2.7976665,1.9983333,1.5521035,0.63946664,1.2297436,1.9031746,2.398,2.5147564,0.83408695,0.9267633,1.9983333,1.2789333,2.9066668,31.973333,0.0,2.2516432,1.4316418,0.47019607,0.5419209,0.0,2.6279452,1.9983333,1.2962162,1.8098114,1.3605673,0.9135238,0.6269281,0.0,2.1676836,2.4979167,2.8046784,1.048306,0.63946664,1.4756923,3.1973333,0.68028367,2.1315556,1.9184,1.1626667,2.610068,1.5986667,2.620765,2.610068,2.2838094,0.0,4.081702,0.5156989,1.4210371,0.6032704,0.0,4.73679,0.79933333,0.7266667,1.6257627,0.0,9.896508,2.398,3.6892307,0.0,1.305034,2.9742637,1.5596747,1.7762963,0.0,0.0,0.8881481,0.0,1.7762963,2.6644444,0.0,0.0
ability,1.3112013,2.8028955,0.99879676,2.025338,0.3306674,0.8273721,0.9770474,1.6319269,2.4927235,4.6644144,0.2919406,1.028743,0.5063345,0.62923115,0.31770006,0.0,3.3755631,0.31461558,1.9443244,0.0,5.0151224,6.481081,0.36410567,1.1271446,0.46964356,2.5316722,2.1603603,0.4208494,0.0,32.405407,1.8256567,0.48366275,0.95310014,2.1969767,6.287616,1.3317289,2.5316722,5.6928415,0.6114227,1.3789535,0.3086229,1.2708002,6.913153,0.54924417,1.012669,0.0,3.718653,2.5924325,0.0,0.6481081,8.273721,0.72012013,1.2962162,2.3567567,1.3226696,4.3207207,1.5937085,0.0,0.0,2.0684302,0.0,0.0,2.8804805,3.6685364,4.050676,0.0,1.6202703,0.0,0.0,1.2002002,2.3146718,1.6202703,0.0,0.0,0.6613348,0.0,6.323006,1.8003004,0.0,0.0,0.9001502,9.451576,0.0,2.7004504,0.0,32.405407
development,1.5943717,1.6400436,1.2723327,2.3028169,2.5847945,1.580941,1.8669404,1.4578985,1.03922,2.3028169,2.7384849,2.144422,1.407277,4.5907288,4.635736,3.7996478,2.4627347,1.9674553,0.33774647,2.5980499,2.4124749,0.8443662,0.0,1.1747704,2.936926,2.6386445,1.3509859,3.9476862,2.2516432,1.8256567,33.774647,0.50409925,0.993372,0.0,2.016397,0.46266642,1.0554577,3.6513133,0.6372575,2.1558285,0.64332664,2.648992,2.2516432,3.43471,2.1109154,2.9626884,1.1073655,0.67549294,1.5588299,7.4304223,0.7186095,0.7505477,1.3509859,2.456338,2.7571142,0.5629108,0.55368274,3.4463925,0.0,1.437219,0.7186095,3.2685144,0.7505477,0.6372575,0.7036385,0.0,0.8443662,0.76760566,0.57245165,0.62545645,0.8041583,0.8443662,5.1960998,1.437219,0.0,0.78545696,0.8237719,1.8763694,0.8041583,0.0,0.0,2.814554,1.8763694,0.0,0.0,0.0
literature,1.7930003,2.8784907,0.73543245,0.4067164,0.0,3.5029533,0.8992725,1.2874477,1.1012629,0.27114427,0.6448837,4.2608385,0.5592351,1.3899435,1.0526778,1.3421642,2.2369404,3.1273727,2.8632836,0.34414467,1.2782516,0.8947761,10.857958,0.622453,0.0,0.5592351,0.95442784,0.0,1.4316418,0.48366275,0.50409925,35.791046,6.3160667,4.246395,0.0,1.4708649,5.592351,0.0,35.791046,0.0,0.0,0.0,0.0,0.6066279,0.5592351,8.790783,0.58673847,0.7158209,2.2025259,0.0,1.5230231,0.0,2.8632836,3.2537313,2.1912885,1.1930348,0.58673847,2.1912885,3.8347547,0.0,0.76151156,0.0,0.0,0.67530274,0.0,3.3139856,0.0,0.0,0.0,0.0,3.408671,0.0,0.0,0.0,0.0,2.4970496,3.4918091,0.0,2.5565033,0.0,1.9883914,0.0,1.9883914,0.0,0.0,0.0
related,1.9365011,1.7659109,1.6907736,2.0036764,2.8787515,1.6506884,0.5316287,2.2833264,1.3563348,1.6029412,1.2708002,1.6792717,0.36734068,1.0271274,2.7658594,1.7632353,1.102022,1.7118789,1.7632353,1.0172511,0.83963585,0.44080883,2.7736285,1.8398978,2.0443308,2.204044,1.8807843,1.3739495,0.47019607,0.95310014,0.993372,6.3160667,35.264706,4.183948,0.5263389,0.48307815,1.6530331,2.3827505,5.988346,0.75031286,0.33585435,0.0,3.2913725,2.9885345,1.6530331,0.61867905,1.1562198,1.4105883,2.7126696,2.1158824,2.2509387,2.3509803,5.642353,1.9235294,0.7196879,2.9387255,0.5781099,6.477191,0.6297269,2.2509387,0.75031286,3.4127135,3.1346405,4.657603,2.204044,1.3061002,0.88161767,1.6029412,0.59770685,0.6530501,0.83963585,1.7632353,2.7126696,0.75031286,2.1590636,1.6402189,0.86011475,0.97957516,0.0,1.102022,1.9591503,0.0,0.0,2.9387255,0.0,0.0
competencies,1.9186506,2.9604177,1.1135361,2.309322,0.6221031,1.2106744,0.4084831,2.9240336,2.5011735,2.4632769,1.0984883,3.2257197,1.0584393,0.3946026,0.0,2.0322034,4.6571326,1.5784104,2.4386442,0.0,1.9354318,1.5241525,3.1967244,3.5342667,0.58904445,4.445445,1.6257627,1.5835351,0.5419209,2.1969767,0.0,4.246395,4.183948,40.64407,4.246395,1.6703042,10.161017,1.6477325,5.3680844,0.8647674,1.5483454,0.0,2.7096045,0.6888825,2.5402544,0.7130538,3.331481,1.6257627,0.0,0.81288135,7.7829065,9.032015,4.064407,1.4779661,2.4884124,2.7096045,2.6651847,0.0,1.4515738,0.0,2.5943022,0.0,0.0,3.0674767,3.3870056,0.0,2.0322034,0.0,0.6888825,0.7526679,1.9354318,2.0322034,0.0,0.8647674,0.82947075,0.9452109,0.9913187,1.1290019,0.9677159,1.2701272,0.0,0.0,0.0,3.3870056,13.548022,0.0
society,1.5861157,2.3896904,0.8580045,3.2537313,1.2782516,1.2184186,0.5395635,1.0299581,1.3765787,2.7114427,2.5795348,0.8521677,0.7456468,3.1273727,2.4562483,2.2369404,5.2195272,0.69497174,1.7895522,0.34414467,3.8347547,3.1317165,0.0,0.622453,3.6309755,1.6777052,1.9088557,0.46481878,0.0,6.287616,2.016397,0.0,0.5263389,4.246395,35.791046,0.4902883,1.1184702,2.9019766,0.0,10.661162,1.0226012,3.508926,3.3404975,0.6066279,0.0,0.0,3.5204306,5.7265673,1.1012629,0.0,8.376628,2.3860695,2.8632836,0.6507463,0.7304295,3.5791044,0.0,1.460859,0.0,2.2845347,1.5230231,0.0,1.5907131,2.0259082,2.2369404,0.66279715,0.0,0.0,0.0,1.9883914,0.8521677,0.0,0.0,1.5230231,1.460859,0.0,3.4918091,0.0,0.0,3.3554103,0.0,2.982587,1.9883914,2.982587,0.0,0.0
used,1.45575,1.2461804,1.9124601,1.6797945,2.3463798,1.5376275,1.4856474,2.599586,1.7688093,0.74657536,2.3675182,2.6070886,1.0265411,0.95677614,0.9661563,2.0530822,1.3687215,2.8703284,1.970959,1.8951528,1.9553164,2.0530822,2.2145605,3.1421084,1.9043081,2.5663528,0.87598175,0.853229,2.6279452,1.3317289,0.46266642,1.4708649,0.48307815,1.6703042,0.4902883,32.849316,2.0530822,0.0,0.6197984,0.6989216,0.31285062,0.64410424,0.87598175,1.6703042,1.5398116,1.1526076,1.0770267,1.3139726,1.5161222,0.6569863,1.3978432,1.4599695,1.970959,2.3890412,1.3407884,1.0949771,0.53851336,2.6815767,1.1731899,3.494608,0.0,0.0,2.919939,2.4791937,2.0530822,1.2166413,0.0,1.4931507,0.55676806,3.6499238,2.3463798,0.0,0.0,1.3978432,0.6703942,1.5278751,0.80120283,6.387367,0.78212655,2.0530822,0.91248095,6.8436074,3.6499238,2.737443,0.0,0.0
design,1.6604649,1.8762803,1.7964469,1.703125,0.76466835,1.4349734,1.3179963,1.3477968,1.4411057,2.8385417,0.3375563,3.5684524,0.78059894,1.8188714,1.102022,2.3417969,5.464193,1.4550971,2.248125,0.72055286,3.1223958,0.0,2.104986,2.932337,1.0860507,3.5126953,1.49875,0.48660713,1.9983333,2.5316722,1.0554577,5.592351,1.6530331,10.161017,1.1184702,2.0530822,37.46875,2.025338,7.0695753,1.594415,1.4273809,0.73468137,1.49875,0.6350636,0.0,0.0,0.0,2.248125,0.5764423,1.49875,2.3916223,4.9958334,5.245625,2.04375,2.2940052,0.6244792,0.6142418,0.0,0.66908485,0.0,3.9860373,0.0,3.3305554,2.1208727,3.9029949,0.6938657,0.0,0.8515625,1.9051907,2.0815973,1.7842262,1.8734375,1.4411057,0.0,1.5293367,0.0,0.91387194,0.0,0.8921131,3.5126953,0.0,0.0,2.0815973,0.0,6.2447915,37.46875
technology,1.3424205,1.622729,0.44390967,1.8412162,0.1653337,1.9305348,0.9770474,1.3987945,0.74781704,3.927928,0.2919406,0.7715573,1.012669,0.31461558,2.2239003,0.40506756,3.3755631,0.94384676,0.9721622,0.31159043,1.9288932,2.025338,0.72821134,0.5635723,1.4089307,2.025338,1.7282883,0.4208494,1.2962162,5.6928415,3.6513133,0.0,2.3827505,1.6477325,2.9019766,0.0,2.025338,32.405407,0.0,0.0,0.6172458,0.0,3.8886487,1.6477325,3.0380068,1.7055477,1.5937085,3.8886487,0.0,0.0,4.1368604,4.3207207,2.5924325,0.5891892,1.3226696,2.7004504,3.718653,1.9840044,0.57866794,1.3789535,4.1368604,0.0,2.1603603,2.4456909,2.7004504,0.0,1.6202703,1.472973,0.54924417,2.4004004,1.5431145,4.050676,3.7390852,0.6894767,0.6613348,1.5072281,6.323006,0.9001502,0.7715573,2.025338,0.9001502,1.3502252,0.0,5.400901,32.405407,0.0
literacy and literature,2.0922675,3.6388466,0.6197984,0.5141509,0.0,3.8506625,0.6820897,1.6275282,0.6960813,0.3427673,0.40761515,5.386343,0.7069575,1.7570983,1.3307437,1.6966981,2.82783,3.9534714,2.714717,0.0,1.615903,1.1311321,11.692601,0.7868745,0.0,0.7069575,1.2065408,0.0,1.8098114,0.6114227,0.6372575,35.791046,5.988346,5.3680844,0.0,0.6197984,7.0695753,0.0,45.24528,0.0,0.0,0.0,0.0,0.7668692,0.7069575,11.112877,0.7417259,0.9049057,2.0882437,0.0,1.9253312,0.0,2.714717,4.1132073,2.7701194,1.5081761,0.7417259,1.8467462,4.8477087,0.0,0.9626656,0.0,0.0,0.8536846,0.0,2.5136268,0.0,0.0,0.0,0.0,4.3090744,0.0,0.0,0.0,0.0,2.1044319,0.0,0.0,3.231806,0.0,2.5136268,0.0,0.0,0.0,0.0,0.0
citizens,2.310212,3.40658,1.747304,3.768617,1.0412506,0.0,1.7947183,4.037655,2.7472994,1.9326241,6.435116,2.4295845,1.3286791,10.402396,3.50146,8.290957,3.18883,4.45817,0.5102128,0.9811784,1.8221885,2.5510638,0.57327276,0.0,3.6971939,4.7832446,2.040851,2.650456,1.3605673,1.3789535,2.1558285,0.0,0.75031286,0.8647674,10.661162,0.6989216,1.594415,0.0,0.0,51.02128,0.9718338,20.008345,1.3605673,1.7295347,0.7972075,0.0,1.6728288,9.18383,1.5698855,0.0,2.1711183,4.5352244,0.0,0.0,0.0,0.8503546,0.0,2.0825012,0.91109425,0.0,2.1711183,0.0,1.1338061,0.9626656,4.251773,0.0,0.0,2.319149,0.8647674,0.94483846,2.4295845,1.2755319,3.9247136,0.0,0.0,1.1865413,0.0,1.4172577,1.2147923,3.18883,0.0,0.0,5.6690307,4.251773,0.0,0.0
Computers,0.9240848,0.93570346,0.70391387,0.5190476,0.2330418,0.9718338,1.2624073,0.49290854,1.4054213,0.6920635,0.6172458,1.0875283,1.3084326,1.5521035,0.2239029,0.85642856,1.9031746,0.88691634,1.1419047,1.3175824,0.2718821,0.0,0.76982343,0.9929607,0.9929607,1.4273809,0.9135238,0.5931973,0.9135238,0.3086229,0.64332664,0.0,0.33585435,1.5483454,1.0226012,0.31285062,1.4273809,0.6172458,0.0,0.9718338,22.838095,1.3434174,0.30450794,1.161259,1.4273809,0.40066832,1.49758,0.9135238,0.3513553,0.9135238,0.9718338,1.0150265,1.3702857,1.2457143,0.9321672,1.9031746,1.49758,0.9321672,0.0,0.4859169,0.4859169,0.73671275,2.030053,0.8618149,0.47579366,0.42292768,0.57095236,0.5190476,22.838095,0.84585536,0.5437642,0.57095236,0.8783883,2.4295845,0.0,0.5311185,0.0,0.0,2.7188208,0.0,1.9031746,0.0,1.2687831,0.0,0.0,0.0
backgrounds,1.5401413,2.7826476,1.6102605,4.007353,3.1186476,0.6002503,4.725589,2.7061646,1.8084464,1.4248366,5.930401,2.239029,2.448938,15.977536,1.3829297,7.6406865,1.4693627,0.45650104,3.2913725,5.425339,0.55975723,0.5877451,0.0,0.40886617,2.0443308,1.4693627,0.6269281,1.2212886,0.6269281,1.2708002,2.648992,0.0,0.0,0.0,3.508926,0.64410424,0.73468137,0.0,0.0,20.008345,1.3434174,47.019608,0.6269281,0.79694253,0.0,2.4747162,0.7708132,5.642353,1.4467572,0.94039214,0.0,1.0448802,0.94039214,0.85490197,1.9191676,1.5673202,0.7708132,0.9595838,0.0,0.0,1.0004172,1.5167615,1.0448802,0.0,2.9387255,3.482934,1.1754901,1.0686275,0.79694253,0.0,2.239029,0.0,0.0,0.0,1.9191676,0.0,0.0,2.6122005,1.1195145,1.4693627,0.0,0.0,7.8366013,3.9183006,0.0,0.0
social,1.2013102,2.231826,1.7519635,1.635,0.48938775,0.68028367,0.64268005,0.46004796,0.49189743,3.6333334,0.0,2.2838094,0.33305556,0.93126214,0.94039214,0.0,2.331389,1.2416829,0.9592,0.0,3.4257143,2.7976665,0.35925093,1.112116,0.0,2.4979167,2.1315556,0.41523808,0.0,6.913153,2.2516432,0.0,3.2913725,2.7096045,3.3404975,0.87598175,1.49875,3.8886487,0.0,1.3605673,0.30450794,0.6269281,31.973333,0.5419209,1.9983333,0.0,1.572459,0.0,0.0,0.0,4.761986,2.1315556,2.5578666,0.0,0.652517,2.6644444,1.572459,1.305034,0.57095236,1.3605673,0.68028367,0.0,3.5525925,3.6196227,1.9983333,0.0,1.5986667,0.7266667,0.0,0.5920988,2.2838094,3.9966667,1.2297436,0.0,2.610068,1.4871318,2.339512,0.8881481,0.0,1.9983333,0.8881481,9.325556,0.0,5.328889,0.0,0.0
ethics,2.036119,1.171832,0.8351521,1.6165254,3.1105154,1.9024882,1.6339324,2.339227,1.2505867,0.9237288,1.4646511,0.6451439,0.8467514,1.1838078,10.360252,1.0161017,0.8467514,0.3946026,0.81288135,3.1264668,2.4192898,0.0,1.3700248,1.0602801,2.9452224,1.9051907,2.1676836,4.22276,2.1676836,0.54924417,3.43471,0.6066279,2.9885345,0.6888825,0.6066279,1.6703042,0.6350636,1.6477325,0.7668692,1.7295347,1.161259,0.79694253,0.5419209,40.64407,1.2701272,0.0,1.3325924,0.81288135,1.87588,6.503051,0.0,1.806403,2.4386442,0.73898304,1.6589415,0.0,1.9988886,4.9768248,0.7257869,2.5943022,0.8647674,4.588846,0.9032015,0.0,1.6935028,0.0,2.0322034,0.9237288,1.377765,0.7526679,1.9354318,0.0,40.64407,1.7295347,0.82947075,0.9452109,0.0,1.1290019,0.0,2.5402544,2.2580037,5.0805087,0.0,0.0,6.774011,0.0
computer,1.0107177,1.1939965,2.3097174,1.2773438,1.1470026,3.0293882,1.129711,1.6173561,1.4411057,1.4192709,0.6751126,1.4868551,2.3417969,1.0913228,0.36734068,1.4050782,1.1708984,2.5464199,0.749375,3.6027644,0.44605654,2.3417969,2.104986,3.2581522,1.6290761,1.1708984,0.99916667,0.48660713,2.4979167,1.012669,2.1109154,0.5592351,1.6530331,2.5402544,0.0,1.5398116,0.0,3.0380068,0.7069575,0.7972075,1.4273809,0.0,1.9983333,1.2701272,37.46875,0.6573465,1.8427254,0.749375,0.0,0.0,2.3916223,4.1631947,2.9975,0.68125,0.0,3.746875,15.970287,0.0,0.66908485,2.3916223,0.7972075,0.60433465,4.1631947,4.2417455,2.3417969,0.6938657,0.93671876,0.8515625,1.9051907,3.4693286,3.5684524,1.8734375,1.4411057,0.7972075,0.76466835,0.87136626,5.4832315,2.0815973,3.5684524,1.1708984,1.0407987,1.5611979,0.0,0.0,0.0,0.0
higher,1.9049116,2.5535767,0.7203797,0.95614034,1.0732187,8.772079,1.2684475,0.0,1.6180837,0.0,1.8950529,5.008354,1.5338085,0.4084483,0.4124527,1.0517544,2.191155,3.2675865,0.8414035,0.80904186,3.0050125,0.0,5.6723833,0.36582762,1.2194253,1.314693,3.365614,0.5463659,2.8046784,0.0,2.9626884,8.790783,0.61867905,0.7130538,0.0,1.1526076,0.0,1.7055477,11.112877,0.0,0.40066832,2.4747162,0.0,0.0,0.6573465,42.070175,0.68967503,2.5242105,0.6472335,0.0,3.5804405,0.0,0.8414035,0.7649123,1.71715,0.7011696,0.0,1.71715,3.0050125,1.7902203,1.7902203,0.6785512,0.9348928,1.5875537,0.0,4.6744637,5.258772,0.0,0.0,0.0,1.0016708,3.1552632,0.0,2.6853304,0.0,1.9567523,0.0,0.0,2.0033417,0.0,1.1686159,1.752924,0.0,0.0,0.0,0.0
world,1.7421271,1.84925,0.80777,3.3504097,2.0056875,0.50184864,0.7901804,3.6766129,1.8143758,2.3825138,1.7707872,1.8719751,1.4332309,1.5266593,1.1562198,1.9655738,3.6854508,0.3816648,2.7518032,0.37799495,2.3399687,4.422541,0.44170198,1.7091945,2.8486576,6.75666,0.524153,2.5526931,1.048306,3.718653,1.1073655,0.58673847,1.1562198,3.331481,3.5204306,1.0770267,0.0,1.5937085,0.7417259,1.6728288,1.49758,0.7708132,1.572459,1.3325924,1.8427254,0.68967503,39.311474,3.144918,0.0,1.572459,1.6728288,0.8735883,0.0,1.4295082,0.802275,2.620765,1.2889009,0.802275,0.7019906,0.0,5.018486,0.63405603,2.620765,1.4834518,3.2759564,0.72799027,0.0,0.89344263,0.0,2.183971,0.0,0.0,1.5119798,1.6728288,2.406825,1.8284407,1.9176329,1.0919855,1.8719751,1.2284836,0.0,0.0,0.0,9.827868,0.0,0.0
life,1.8943738,2.328862,1.149726,1.9075,0.7340816,1.6326809,1.4460301,1.7251799,2.5824616,3.27,0.86414415,0.38063493,2.4979167,4.6563106,1.8807843,3.597,1.9983333,0.93126214,2.8776,1.3834616,5.1385713,1.199,1.0777528,1.2511305,5.56058,2.248125,3.8368,3.1142857,0.63946664,2.5924325,0.67549294,0.7158209,1.4105883,1.6257627,5.7265673,1.3139726,2.248125,3.8886487,0.9049057,9.18383,0.9135238,5.642353,0.0,0.81288135,0.749375,2.5242105,3.144918,47.96,0.0,0.9592,7.1429787,2.1315556,2.8776,1.744,1.957551,1.5986667,0.7862295,0.9787755,1.7128571,3.0612767,1.0204256,0.0,1.0657778,1.8098114,6.994167,0.0,4.796,1.09,0.0,5.328889,3.4257143,3.597,1.8446153,1.0204256,0.0,3.3460464,1.169756,0.0,5.7095237,0.0,0.0,0.0,0.0,3.9966667,0.0,0.0
results,1.6349192,1.3995564,2.1478398,2.725,5.2703295,0.47096562,1.8538848,2.9195352,0.8513609,0.2794872,4.3207207,0.8783883,0.5764423,2.865422,2.8935144,2.7669232,0.38429487,0.0,0.73784614,4.6115384,0.8783883,1.3834616,2.0726016,1.6040133,0.0,1.1528846,0.0,1.4373627,1.4756923,0.0,1.5588299,2.2025259,2.7126696,0.0,1.1012629,1.5161222,0.5764423,0.0,2.0882437,1.5698855,0.3513553,1.4467572,0.0,1.87588,0.0,0.6472335,0.0,0.0,36.892307,2.2135384,0.78494275,0.0,4.427077,2.6830769,1.5058085,0.0,1.2095839,0.75290424,1.3175824,7.0644846,0.0,3.5702233,0.81982905,2.0882437,0.76858974,2.0495727,1.8446153,1.676923,0.0,0.6831909,0.0,0.0,1.418935,1.5698855,0.75290424,0.85796064,2.6994371,1.0247864,0.8783883,2.3057692,0.0,1.5371795,8.198291,3.074359,0.0,0.0
